COLUMN:	1		2		3		4		5
UNITS:	ppm		ppm		ppm		ppb		ppb
YEARS	CO2EQ		KYOTO-CO2EQ	CO2		CH4		N2O
1765	2.77E+02	2.77E+02	2.78E+02	7.22E+02	2.73E+02
1766	2.78E+02	2.78E+02	2.78E+02	7.22E+02	2.73E+02
1767	2.79E+02	2.79E+02	2.78E+02	7.23E+02	2.73E+02
1768	2.79E+02	2.79E+02	2.78E+02	7.24E+02	2.73E+02
1769	2.79E+02	2.79E+02	2.78E+02	7.24E+02	2.73E+02
1770	2.79E+02	2.79E+02	2.79E+02	7.25E+02	2.73E+02
1771	2.79E+02	2.79E+02	2.79E+02	7.26E+02	2.73E+02
1772	2.79E+02	2.79E+02	2.79E+02	7.26E+02	2.73E+02
1773	2.79E+02	2.80E+02	2.79E+02	7.27E+02	2.73E+02
1774	2.79E+02	2.80E+02	2.79E+02	7.27E+02	2.73E+02
1775	2.79E+02	2.80E+02	2.79E+02	7.28E+02	2.73E+02
1776	2.79E+02	2.80E+02	2.79E+02	7.29E+02	2.73E+02
1777	2.79E+02	2.80E+02	2.80E+02	7.29E+02	2.73E+02
1778	2.79E+02	2.81E+02	2.80E+02	7.30E+02	2.73E+02
1779	2.80E+02	2.81E+02	2.80E+02	7.30E+02	2.73E+02
1780	2.80E+02	2.81E+02	2.80E+02	7.31E+02	2.73E+02
1781	2.80E+02	2.81E+02	2.80E+02	7.31E+02	2.73E+02
1782	2.80E+02	2.81E+02	2.80E+02	7.32E+02	2.73E+02
1783	2.80E+02	2.81E+02	2.81E+02	7.32E+02	2.73E+02
1784	2.80E+02	2.81E+02	2.81E+02	7.32E+02	2.73E+02
1785	2.80E+02	2.82E+02	2.81E+02	7.33E+02	2.73E+02
1786	2.80E+02	2.82E+02	2.81E+02	7.33E+02	2.73E+02
1787	2.80E+02	2.82E+02	2.81E+02	7.34E+02	2.73E+02
1788	2.80E+02	2.82E+02	2.81E+02	7.34E+02	2.73E+02
1789	2.81E+02	2.82E+02	2.81E+02	7.34E+02	2.73E+02
1790	2.81E+02	2.83E+02	2.82E+02	7.35E+02	2.73E+02
1791	2.81E+02	2.83E+02	2.82E+02	7.35E+02	2.73E+02
1792	2.81E+02	2.83E+02	2.82E+02	7.36E+02	2.74E+02
1793	2.81E+02	2.83E+02	2.82E+02	7.37E+02	2.74E+02
1794	2.81E+02	2.83E+02	2.82E+02	7.37E+02	2.74E+02
1795	2.81E+02	2.83E+02	2.82E+02	7.38E+02	2.74E+02
1796	2.81E+02	2.84E+02	2.82E+02	7.39E+02	2.74E+02
1797	2.81E+02	2.84E+02	2.83E+02	7.39E+02	2.74E+02
1798	2.82E+02	2.84E+02	2.83E+02	7.40E+02	2.74E+02
1799	2.82E+02	2.84E+02	2.83E+02	7.41E+02	2.74E+02
1800	2.82E+02	2.84E+02	2.83E+02	7.42E+02	2.74E+02
1801	2.82E+02	2.84E+02	2.83E+02	7.42E+02	2.74E+02
1802	2.82E+02	2.84E+02	2.83E+02	7.43E+02	2.74E+02
1803	2.82E+02	2.84E+02	2.83E+02	7.44E+02	2.74E+02
1804	2.82E+02	2.85E+02	2.83E+02	7.45E+02	2.74E+02
1805	2.82E+02	2.85E+02	2.83E+02	7.46E+02	2.74E+02
1806	2.82E+02	2.85E+02	2.83E+02	7.47E+02	2.74E+02
1807	2.83E+02	2.85E+02	2.84E+02	7.48E+02	2.74E+02
1808	2.83E+02	2.85E+02	2.84E+02	7.49E+02	2.74E+02
1809	2.83E+02	2.85E+02	2.84E+02	7.50E+02	2.74E+02
1810	2.83E+02	2.85E+02	2.84E+02	7.51E+02	2.74E+02
1811	2.83E+02	2.85E+02	2.84E+02	7.52E+02	2.74E+02
1812	2.83E+02	2.85E+02	2.84E+02	7.53E+02	2.74E+02
1813	2.83E+02	2.86E+02	2.84E+02	7.54E+02	2.74E+02
1814	2.83E+02	2.86E+02	2.84E+02	7.55E+02	2.74E+02
1815	2.83E+02	2.86E+02	2.84E+02	7.56E+02	2.74E+02
1816	2.83E+02	2.86E+02	2.84E+02	7.56E+02	2.74E+02
1817	2.83E+02	2.86E+02	2.84E+02	7.57E+02	2.74E+02
1818	2.83E+02	2.86E+02	2.84E+02	7.58E+02	2.74E+02
1819	2.83E+02	2.86E+02	2.84E+02	7.59E+02	2.74E+02
1820	2.83E+02	2.86E+02	2.84E+02	7.60E+02	2.74E+02
1821	2.84E+02	2.86E+02	2.84E+02	7.61E+02	2.74E+02
1822	2.84E+02	2.86E+02	2.84E+02	7.62E+02	2.74E+02
1823	2.84E+02	2.86E+02	2.84E+02	7.63E+02	2.74E+02
1824	2.84E+02	2.86E+02	2.84E+02	7.64E+02	2.74E+02
1825	2.84E+02	2.86E+02	2.84E+02	7.65E+02	2.74E+02
1826	2.84E+02	2.86E+02	2.84E+02	7.66E+02	2.74E+02
1827	2.84E+02	2.86E+02	2.84E+02	7.67E+02	2.74E+02
1828	2.84E+02	2.87E+02	2.84E+02	7.68E+02	2.75E+02
1829	2.84E+02	2.87E+02	2.84E+02	7.69E+02	2.75E+02
1830	2.84E+02	2.87E+02	2.84E+02	7.70E+02	2.75E+02
1831	2.84E+02	2.87E+02	2.84E+02	7.71E+02	2.75E+02
1832	2.84E+02	2.87E+02	2.84E+02	7.72E+02	2.75E+02
1833	2.84E+02	2.86E+02	2.84E+02	7.73E+02	2.75E+02
1834	2.84E+02	2.86E+02	2.84E+02	7.74E+02	2.75E+02
1835	2.84E+02	2.86E+02	2.84E+02	7.74E+02	2.75E+02
1836	2.83E+02	2.86E+02	2.84E+02	7.75E+02	2.75E+02
1837	2.83E+02	2.86E+02	2.84E+02	7.76E+02	2.75E+02
1838	2.83E+02	2.86E+02	2.83E+02	7.77E+02	2.75E+02
1839	2.83E+02	2.86E+02	2.83E+02	7.78E+02	2.75E+02
1840	2.83E+02	2.86E+02	2.83E+02	7.79E+02	2.75E+02
1841	2.83E+02	2.86E+02	2.83E+02	7.80E+02	2.75E+02
1842	2.83E+02	2.86E+02	2.84E+02	7.82E+02	2.75E+02
1843	2.83E+02	2.86E+02	2.84E+02	7.83E+02	2.75E+02
1844	2.84E+02	2.87E+02	2.84E+02	7.84E+02	2.75E+02
1845	2.84E+02	2.87E+02	2.84E+02	7.85E+02	2.75E+02
1846	2.84E+02	2.87E+02	2.84E+02	7.86E+02	2.75E+02
1847	2.84E+02	2.87E+02	2.84E+02	7.88E+02	2.75E+02
1848	2.84E+02	2.87E+02	2.84E+02	7.89E+02	2.75E+02
1849	2.84E+02	2.88E+02	2.85E+02	7.90E+02	2.75E+02
1850	2.84E+02	2.88E+02	2.85E+02	7.91E+02	2.75E+02
1851	2.85E+02	2.88E+02	2.85E+02	7.92E+02	2.76E+02
1852	2.84E+02	2.88E+02	2.85E+02	7.94E+02	2.76E+02
1853	2.84E+02	2.88E+02	2.85E+02	7.95E+02	2.76E+02
1854	2.84E+02	2.89E+02	2.85E+02	7.97E+02	2.76E+02
1855	2.84E+02	2.89E+02	2.85E+02	7.98E+02	2.76E+02
1856	2.84E+02	2.89E+02	2.86E+02	7.99E+02	2.76E+02
1857	2.85E+02	2.89E+02	2.86E+02	8.01E+02	2.76E+02
1858	2.85E+02	2.89E+02	2.86E+02	8.02E+02	2.76E+02
1859	2.85E+02	2.90E+02	2.86E+02	8.04E+02	2.76E+02
1860	2.85E+02	2.90E+02	2.86E+02	8.05E+02	2.76E+02
1861	2.84E+02	2.90E+02	2.86E+02	8.07E+02	2.77E+02
1862	2.84E+02	2.90E+02	2.87E+02	8.08E+02	2.77E+02
1863	2.85E+02	2.91E+02	2.87E+02	8.10E+02	2.77E+02
1864	2.85E+02	2.91E+02	2.87E+02	8.11E+02	2.77E+02
1865	2.85E+02	2.91E+02	2.87E+02	8.13E+02	2.77E+02
1866	2.85E+02	2.91E+02	2.87E+02	8.15E+02	2.77E+02
1867	2.84E+02	2.91E+02	2.87E+02	8.16E+02	2.77E+02
1868	2.84E+02	2.91E+02	2.87E+02	8.18E+02	2.77E+02
1869	2.85E+02	2.92E+02	2.87E+02	8.19E+02	2.77E+02
1870	2.85E+02	2.92E+02	2.88E+02	8.21E+02	2.77E+02
1871	2.84E+02	2.92E+02	2.88E+02	8.23E+02	2.77E+02
1872	2.83E+02	2.92E+02	2.88E+02	8.24E+02	2.78E+02
1873	2.82E+02	2.93E+02	2.88E+02	8.26E+02	2.78E+02
1874	2.82E+02	2.93E+02	2.88E+02	8.27E+02	2.78E+02
1875	2.83E+02	2.93E+02	2.89E+02	8.29E+02	2.78E+02
1876	2.83E+02	2.94E+02	2.89E+02	8.31E+02	2.78E+02
1877	2.84E+02	2.94E+02	2.89E+02	8.32E+02	2.78E+02
1878	2.85E+02	2.95E+02	2.90E+02	8.34E+02	2.78E+02
1879	2.85E+02	2.95E+02	2.90E+02	8.35E+02	2.78E+02
1880	2.85E+02	2.96E+02	2.91E+02	8.37E+02	2.78E+02
1881	2.85E+02	2.96E+02	2.91E+02	8.39E+02	2.78E+02
1882	2.85E+02	2.97E+02	2.92E+02	8.41E+02	2.78E+02
1883	2.86E+02	2.97E+02	2.92E+02	8.43E+02	2.79E+02
1884	2.86E+02	2.98E+02	2.93E+02	8.45E+02	2.79E+02
1885	2.87E+02	2.98E+02	2.93E+02	8.46E+02	2.79E+02
1886	2.87E+02	2.99E+02	2.93E+02	8.48E+02	2.79E+02
1887	2.87E+02	2.99E+02	2.94E+02	8.50E+02	2.79E+02
1888	2.87E+02	3.00E+02	2.94E+02	8.52E+02	2.79E+02
1889	2.87E+02	3.00E+02	2.94E+02	8.54E+02	2.79E+02
1890	2.87E+02	3.00E+02	2.94E+02	8.56E+02	2.79E+02
1891	2.87E+02	3.00E+02	2.94E+02	8.58E+02	2.79E+02
1892	2.87E+02	3.01E+02	2.94E+02	8.61E+02	2.79E+02
1893	2.87E+02	3.01E+02	2.95E+02	8.63E+02	2.79E+02
1894	2.87E+02	3.01E+02	2.95E+02	8.65E+02	2.79E+02
1895	2.86E+02	3.01E+02	2.95E+02	8.67E+02	2.79E+02
1896	2.86E+02	3.01E+02	2.95E+02	8.70E+02	2.80E+02
1897	2.86E+02	3.02E+02	2.95E+02	8.72E+02	2.80E+02
1898	2.87E+02	3.02E+02	2.95E+02	8.74E+02	2.80E+02
1899	2.87E+02	3.02E+02	2.96E+02	8.77E+02	2.80E+02
1900	2.87E+02	3.03E+02	2.96E+02	8.80E+02	2.80E+02
1901	2.87E+02	3.03E+02	2.96E+02	8.83E+02	2.80E+02
1902	2.87E+02	3.04E+02	2.96E+02	8.87E+02	2.80E+02
1903	2.87E+02	3.04E+02	2.97E+02	8.91E+02	2.80E+02
1904	2.87E+02	3.05E+02	2.97E+02	8.96E+02	2.80E+02
1905	2.87E+02	3.05E+02	2.98E+02	9.00E+02	2.80E+02
1906	2.87E+02	3.06E+02	2.98E+02	9.05E+02	2.80E+02
1907	2.87E+02	3.06E+02	2.99E+02	9.09E+02	2.81E+02
1908	2.88E+02	3.07E+02	2.99E+02	9.14E+02	2.81E+02
1909	2.88E+02	3.08E+02	2.99E+02	9.19E+02	2.81E+02
1910	2.88E+02	3.08E+02	3.00E+02	9.24E+02	2.81E+02
1911	2.89E+02	3.09E+02	3.00E+02	9.28E+02	2.81E+02
1912	2.90E+02	3.09E+02	3.00E+02	9.33E+02	2.81E+02
1913	2.90E+02	3.10E+02	3.01E+02	9.38E+02	2.81E+02
1914	2.91E+02	3.10E+02	3.01E+02	9.44E+02	2.82E+02
1915	2.92E+02	3.11E+02	3.01E+02	9.49E+02	2.82E+02
1916	2.92E+02	3.11E+02	3.02E+02	9.55E+02	2.82E+02
1917	2.93E+02	3.12E+02	3.02E+02	9.60E+02	2.82E+02
1918	2.93E+02	3.13E+02	3.02E+02	9.66E+02	2.82E+02
1919	2.94E+02	3.13E+02	3.03E+02	9.72E+02	2.83E+02
1920	2.94E+02	3.14E+02	3.03E+02	9.78E+02	2.83E+02
1921	2.95E+02	3.14E+02	3.03E+02	9.83E+02	2.83E+02
1922	2.96E+02	3.15E+02	3.04E+02	9.89E+02	2.83E+02
1923	2.96E+02	3.15E+02	3.04E+02	9.95E+02	2.84E+02
1924	2.96E+02	3.16E+02	3.05E+02	1.00E+03	2.84E+02
1925	2.96E+02	3.17E+02	3.05E+02	1.01E+03	2.84E+02
1926	2.97E+02	3.17E+02	3.05E+02	1.01E+03	2.84E+02
1927	2.97E+02	3.18E+02	3.06E+02	1.02E+03	2.84E+02
1928	2.97E+02	3.19E+02	3.06E+02	1.03E+03	2.85E+02
1929	2.98E+02	3.19E+02	3.07E+02	1.03E+03	2.85E+02
1930	2.99E+02	3.20E+02	3.07E+02	1.04E+03	2.85E+02
1931	3.00E+02	3.21E+02	3.08E+02	1.04E+03	2.85E+02
1932	3.01E+02	3.22E+02	3.08E+02	1.05E+03	2.85E+02
1933	3.01E+02	3.22E+02	3.09E+02	1.05E+03	2.86E+02
1934	3.02E+02	3.23E+02	3.09E+02	1.06E+03	2.86E+02
1935	3.02E+02	3.23E+02	3.09E+02	1.06E+03	2.86E+02
1936	3.03E+02	3.24E+02	3.10E+02	1.07E+03	2.86E+02
1937	3.03E+02	3.24E+02	3.10E+02	1.07E+03	2.86E+02
1938	3.04E+02	3.25E+02	3.10E+02	1.08E+03	2.86E+02
1939	3.04E+02	3.25E+02	3.10E+02	1.08E+03	2.87E+02
1940	3.04E+02	3.25E+02	3.10E+02	1.09E+03	2.87E+02
1941	3.04E+02	3.26E+02	3.10E+02	1.09E+03	2.87E+02
1942	3.04E+02	3.26E+02	3.10E+02	1.10E+03	2.87E+02
1943	3.03E+02	3.26E+02	3.10E+02	1.10E+03	2.87E+02
1944	3.03E+02	3.26E+02	3.10E+02	1.11E+03	2.88E+02
1945	3.03E+02	3.26E+02	3.10E+02	1.11E+03	2.88E+02
1946	3.03E+02	3.26E+02	3.10E+02	1.12E+03	2.88E+02
1947	3.02E+02	3.27E+02	3.10E+02	1.13E+03	2.88E+02
1948	3.02E+02	3.27E+02	3.10E+02	1.13E+03	2.89E+02
1949	3.02E+02	3.27E+02	3.11E+02	1.14E+03	2.89E+02
1950	3.02E+02	3.28E+02	3.11E+02	1.15E+03	2.89E+02
1951	3.01E+02	3.29E+02	3.11E+02	1.16E+03	2.89E+02
1952	3.00E+02	3.29E+02	3.12E+02	1.16E+03	2.89E+02
1953	3.00E+02	3.30E+02	3.12E+02	1.17E+03	2.90E+02
1954	3.00E+02	3.31E+02	3.12E+02	1.18E+03	2.90E+02
1955	3.00E+02	3.32E+02	3.13E+02	1.19E+03	2.90E+02
1956	3.00E+02	3.33E+02	3.14E+02	1.20E+03	2.90E+02
1957	3.00E+02	3.34E+02	3.14E+02	1.21E+03	2.91E+02
1958	3.00E+02	3.35E+02	3.15E+02	1.22E+03	2.91E+02
1959	3.01E+02	3.36E+02	3.16E+02	1.24E+03	2.91E+02
1960	3.03E+02	3.37E+02	3.16E+02	1.25E+03	2.91E+02
1961	3.03E+02	3.38E+02	3.17E+02	1.26E+03	2.92E+02
1962	3.03E+02	3.40E+02	3.18E+02	1.27E+03	2.92E+02
1963	3.03E+02	3.41E+02	3.18E+02	1.29E+03	2.92E+02
1964	3.04E+02	3.42E+02	3.19E+02	1.30E+03	2.93E+02
1965	3.04E+02	3.43E+02	3.20E+02	1.31E+03	2.93E+02
1966	3.06E+02	3.45E+02	3.21E+02	1.33E+03	2.93E+02
1967	3.07E+02	3.46E+02	3.22E+02	1.34E+03	2.94E+02
1968	3.08E+02	3.48E+02	3.23E+02	1.36E+03	2.94E+02
1969	3.10E+02	3.50E+02	3.24E+02	1.37E+03	2.95E+02
1970	3.12E+02	3.51E+02	3.25E+02	1.39E+03	2.95E+02
1971	3.14E+02	3.53E+02	3.26E+02	1.40E+03	2.96E+02
1972	3.16E+02	3.55E+02	3.27E+02	1.42E+03	2.96E+02
1973	3.18E+02	3.57E+02	3.29E+02	1.43E+03	2.97E+02
1974	3.20E+02	3.59E+02	3.30E+02	1.45E+03	2.97E+02
1975	3.21E+02	3.60E+02	3.31E+02	1.47E+03	2.98E+02
1976	3.22E+02	3.62E+02	3.32E+02	1.48E+03	2.99E+02
1977	3.24E+02	3.64E+02	3.33E+02	1.50E+03	2.99E+02
1978	3.26E+02	3.67E+02	3.35E+02	1.51E+03	3.00E+02
1979	3.29E+02	3.69E+02	3.37E+02	1.53E+03	3.01E+02
1980	3.31E+02	3.72E+02	3.38E+02	1.55E+03	3.01E+02
1981	3.32E+02	3.74E+02	3.40E+02	1.57E+03	3.02E+02
1982	3.33E+02	3.76E+02	3.41E+02	1.59E+03	3.03E+02
1983	3.34E+02	3.78E+02	3.42E+02	1.61E+03	3.04E+02
1984	3.36E+02	3.81E+02	3.44E+02	1.62E+03	3.04E+02
1985	3.38E+02	3.83E+02	3.45E+02	1.64E+03	3.05E+02
1986	3.40E+02	3.85E+02	3.47E+02	1.65E+03	3.06E+02
1987	3.42E+02	3.88E+02	3.49E+02	1.66E+03	3.06E+02
1988	3.45E+02	3.91E+02	3.51E+02	1.67E+03	3.07E+02
1989	3.48E+02	3.93E+02	3.52E+02	1.68E+03	3.09E+02
1990	3.50E+02	3.95E+02	3.54E+02	1.69E+03	3.09E+02
1991	3.51E+02	3.97E+02	3.55E+02	1.70E+03	3.10E+02
1992	3.52E+02	3.98E+02	3.56E+02	1.71E+03	3.11E+02
1993	3.52E+02	4.00E+02	3.57E+02	1.72E+03	3.11E+02
1994	3.54E+02	4.02E+02	3.58E+02	1.72E+03	3.12E+02
1995	3.56E+02	4.04E+02	3.60E+02	1.73E+03	3.12E+02
1996	3.58E+02	4.06E+02	3.61E+02	1.73E+03	3.13E+02
1997	3.60E+02	4.08E+02	3.63E+02	1.73E+03	3.14E+02
1998	3.61E+02	4.11E+02	3.65E+02	1.74E+03	3.15E+02
1999	3.63E+02	4.14E+02	3.67E+02	1.75E+03	3.15E+02
2000	3.64E+02	4.16E+02	3.69E+02	1.75E+03	3.16E+02
2001	3.66E+02	4.18E+02	3.70E+02	1.75E+03	3.16E+02
2002	3.68E+02	4.21E+02	3.73E+02	1.75E+03	3.17E+02
2003	3.71E+02	4.23E+02	3.75E+02	1.75E+03	3.18E+02
2004	3.73E+02	4.26E+02	3.77E+02	1.76E+03	3.19E+02
2005	3.75E+02	4.29E+02	3.79E+02	1.75E+03	3.19E+02
2006	3.78E+02	4.31E+02	3.81E+02	1.75E+03	3.20E+02
2007	3.81E+02	4.34E+02	3.83E+02	1.76E+03	3.21E+02
2008	3.85E+02	4.37E+02	3.85E+02	1.76E+03	3.22E+02
2009	3.88E+02	4.40E+02	3.87E+02	1.77E+03	3.22E+02
2010	3.92E+02	4.43E+02	3.89E+02	1.78E+03	3.23E+02
2011	3.95E+02	4.46E+02	3.92E+02	1.79E+03	3.24E+02
2012	3.98E+02	4.50E+02	3.94E+02	1.80E+03	3.25E+02
2013	4.02E+02	4.53E+02	3.96E+02	1.81E+03	3.25E+02
2014	4.05E+02	4.57E+02	3.99E+02	1.82E+03	3.26E+02
2015	4.09E+02	4.61E+02	4.02E+02	1.84E+03	3.27E+02
2016	4.13E+02	4.65E+02	4.04E+02	1.85E+03	3.28E+02
2017	4.17E+02	4.69E+02	4.07E+02	1.87E+03	3.29E+02
2018	4.21E+02	4.74E+02	4.10E+02	1.89E+03	3.30E+02
2019	4.25E+02	4.78E+02	4.13E+02	1.90E+03	3.31E+02
2020	4.29E+02	4.83E+02	4.16E+02	1.92E+03	3.32E+02
2021	4.34E+02	4.87E+02	4.19E+02	1.94E+03	3.32E+02
2022	4.38E+02	4.92E+02	4.22E+02	1.96E+03	3.33E+02
2023	4.43E+02	4.97E+02	4.25E+02	1.98E+03	3.34E+02
2024	4.48E+02	5.02E+02	4.28E+02	2.00E+03	3.35E+02
2025	4.53E+02	5.07E+02	4.31E+02	2.02E+03	3.37E+02
2026	4.58E+02	5.12E+02	4.35E+02	2.04E+03	3.38E+02
2027	4.63E+02	5.18E+02	4.38E+02	2.07E+03	3.39E+02
2028	4.68E+02	5.23E+02	4.42E+02	2.09E+03	3.40E+02
2029	4.74E+02	5.29E+02	4.45E+02	2.11E+03	3.41E+02
2030	4.79E+02	5.34E+02	4.49E+02	2.13E+03	3.42E+02
2031	4.85E+02	5.40E+02	4.52E+02	2.15E+03	3.43E+02
2032	4.91E+02	5.46E+02	4.56E+02	2.18E+03	3.44E+02
2033	4.97E+02	5.52E+02	4.60E+02	2.20E+03	3.45E+02
2034	5.04E+02	5.58E+02	4.64E+02	2.23E+03	3.47E+02
2035	5.10E+02	5.65E+02	4.68E+02	2.25E+03	3.48E+02
2036	5.17E+02	5.71E+02	4.72E+02	2.28E+03	3.49E+02
2037	5.24E+02	5.78E+02	4.76E+02	2.31E+03	3.50E+02
2038	5.31E+02	5.85E+02	4.81E+02	2.34E+03	3.51E+02
2039	5.38E+02	5.92E+02	4.85E+02	2.37E+03	3.53E+02
2040	5.46E+02	5.99E+02	4.89E+02	2.40E+03	3.54E+02
2041	5.53E+02	6.07E+02	4.94E+02	2.43E+03	3.55E+02
2042	5.61E+02	6.15E+02	4.99E+02	2.46E+03	3.57E+02
2043	5.69E+02	6.22E+02	5.04E+02	2.50E+03	3.58E+02
2044	5.77E+02	6.30E+02	5.08E+02	2.53E+03	3.59E+02
2045	5.85E+02	6.39E+02	5.13E+02	2.56E+03	3.61E+02
2046	5.93E+02	6.47E+02	5.19E+02	2.60E+03	3.62E+02
2047	6.02E+02	6.56E+02	5.24E+02	2.63E+03	3.63E+02
2048	6.10E+02	6.65E+02	5.29E+02	2.67E+03	3.65E+02
2049	6.19E+02	6.74E+02	5.35E+02	2.70E+03	3.66E+02
2050	6.28E+02	6.83E+02	5.41E+02	2.74E+03	3.67E+02
2051	6.37E+02	6.93E+02	5.46E+02	2.78E+03	3.69E+02
2052	6.47E+02	7.02E+02	5.52E+02	2.81E+03	3.70E+02
2053	6.56E+02	7.12E+02	5.58E+02	2.85E+03	3.71E+02
2054	6.65E+02	7.22E+02	5.64E+02	2.88E+03	3.73E+02
2055	6.75E+02	7.32E+02	5.71E+02	2.92E+03	3.74E+02
2056	6.84E+02	7.42E+02	5.77E+02	2.95E+03	3.75E+02
2057	6.94E+02	7.53E+02	5.83E+02	2.98E+03	3.77E+02
2058	7.04E+02	7.64E+02	5.90E+02	3.01E+03	3.78E+02
2059	7.15E+02	7.75E+02	5.97E+02	3.05E+03	3.79E+02
2060	7.25E+02	7.86E+02	6.04E+02	3.08E+03	3.81E+02
2061	7.36E+02	7.97E+02	6.11E+02	3.11E+03	3.82E+02
2062	7.46E+02	8.08E+02	6.18E+02	3.14E+03	3.83E+02
2063	7.57E+02	8.20E+02	6.25E+02	3.16E+03	3.85E+02
2064	7.68E+02	8.31E+02	6.32E+02	3.19E+03	3.86E+02
2065	7.79E+02	8.43E+02	6.39E+02	3.22E+03	3.87E+02
2066	7.90E+02	8.55E+02	6.47E+02	3.24E+03	3.89E+02
2067	8.01E+02	8.66E+02	6.54E+02	3.26E+03	3.90E+02
2068	8.12E+02	8.78E+02	6.62E+02	3.28E+03	3.92E+02
2069	8.23E+02	8.90E+02	6.69E+02	3.30E+03	3.93E+02
2070	8.35E+02	9.03E+02	6.77E+02	3.32E+03	3.94E+02
2071	8.46E+02	9.15E+02	6.85E+02	3.34E+03	3.96E+02
2072	8.58E+02	9.27E+02	6.93E+02	3.36E+03	3.97E+02
2073	8.70E+02	9.40E+02	7.01E+02	3.38E+03	3.98E+02
2074	8.81E+02	9.53E+02	7.09E+02	3.39E+03	4.00E+02
2075	8.93E+02	9.65E+02	7.17E+02	3.41E+03	4.01E+02
2076	9.05E+02	9.78E+02	7.25E+02	3.43E+03	4.02E+02
2077	9.17E+02	9.91E+02	7.33E+02	3.44E+03	4.04E+02
2078	9.29E+02	1.00E+03	7.42E+02	3.46E+03	4.05E+02
2079	9.42E+02	1.02E+03	7.50E+02	3.47E+03	4.06E+02
2080	9.54E+02	1.03E+03	7.58E+02	3.49E+03	4.08E+02
2081	9.67E+02	1.04E+03	7.67E+02	3.50E+03	4.09E+02
2082	9.80E+02	1.06E+03	7.75E+02	3.52E+03	4.10E+02
2083	9.94E+02	1.07E+03	7.84E+02	3.53E+03	4.12E+02
2084	1.01E+03	1.08E+03	7.92E+02	3.55E+03	4.13E+02
2085	1.02E+03	1.10E+03	8.01E+02	3.56E+03	4.14E+02
2086	1.03E+03	1.11E+03	8.10E+02	3.58E+03	4.16E+02
2087	1.05E+03	1.13E+03	8.18E+02	3.59E+03	4.17E+02
2088	1.06E+03	1.14E+03	8.27E+02	3.61E+03	4.19E+02
2089	1.08E+03	1.15E+03	8.36E+02	3.62E+03	4.20E+02
2090	1.09E+03	1.17E+03	8.45E+02	3.64E+03	4.21E+02
2091	1.10E+03	1.18E+03	8.54E+02	3.65E+03	4.23E+02
2092	1.12E+03	1.20E+03	8.63E+02	3.67E+03	4.24E+02
2093	1.13E+03	1.21E+03	8.72E+02	3.68E+03	4.26E+02
2094	1.15E+03	1.23E+03	8.81E+02	3.69E+03	4.27E+02
2095	1.16E+03	1.24E+03	8.90E+02	3.71E+03	4.28E+02
2096	1.18E+03	1.25E+03	8.99E+02	3.72E+03	4.30E+02
2097	1.19E+03	1.27E+03	9.08E+02	3.73E+03	4.31E+02
2098	1.20E+03	1.28E+03	9.17E+02	3.73E+03	4.32E+02
2099	1.22E+03	1.30E+03	9.27E+02	3.74E+03	4.34E+02
2100	1.23E+03	1.31E+03	9.36E+02	3.75E+03	4.35E+02
2101	1.25E+03	1.33E+03	9.45E+02	3.76E+03	4.36E+02
2102	1.26E+03	1.34E+03	9.54E+02	3.76E+03	4.38E+02
2103	1.27E+03	1.36E+03	9.64E+02	3.77E+03	4.39E+02
2104	1.29E+03	1.37E+03	9.73E+02	3.77E+03	4.40E+02
2105	1.30E+03	1.39E+03	9.83E+02	3.78E+03	4.42E+02
2106	1.31E+03	1.40E+03	9.92E+02	3.78E+03	4.43E+02
2107	1.33E+03	1.42E+03	1.00E+03	3.78E+03	4.44E+02
2108	1.34E+03	1.43E+03	1.01E+03	3.78E+03	4.46E+02
2109	1.35E+03	1.45E+03	1.02E+03	3.79E+03	4.47E+02
2110	1.37E+03	1.46E+03	1.03E+03	3.79E+03	4.48E+02
2111	1.38E+03	1.48E+03	1.04E+03	3.79E+03	4.49E+02
2112	1.39E+03	1.49E+03	1.05E+03	3.78E+03	4.51E+02
2113	1.41E+03	1.51E+03	1.06E+03	3.78E+03	4.52E+02
2114	1.42E+03	1.52E+03	1.07E+03	3.78E+03	4.53E+02
2115	1.43E+03	1.53E+03	1.08E+03	3.78E+03	4.54E+02
2116	1.45E+03	1.55E+03	1.09E+03	3.78E+03	4.56E+02
2117	1.46E+03	1.56E+03	1.10E+03	3.78E+03	4.57E+02
2118	1.48E+03	1.58E+03	1.11E+03	3.77E+03	4.58E+02
2119	1.49E+03	1.59E+03	1.12E+03	3.77E+03	4.59E+02
2120	1.50E+03	1.61E+03	1.13E+03	3.77E+03	4.60E+02
2121	1.52E+03	1.62E+03	1.14E+03	3.77E+03	4.61E+02
2122	1.53E+03	1.64E+03	1.15E+03	3.76E+03	4.62E+02
2123	1.54E+03	1.65E+03	1.16E+03	3.76E+03	4.64E+02
2124	1.56E+03	1.67E+03	1.17E+03	3.76E+03	4.65E+02
2125	1.57E+03	1.68E+03	1.18E+03	3.75E+03	4.66E+02
2126	1.58E+03	1.70E+03	1.19E+03	3.75E+03	4.67E+02
2127	1.60E+03	1.71E+03	1.20E+03	3.74E+03	4.68E+02
2128	1.61E+03	1.73E+03	1.21E+03	3.74E+03	4.69E+02
2129	1.62E+03	1.74E+03	1.22E+03	3.74E+03	4.70E+02
2130	1.64E+03	1.76E+03	1.23E+03	3.73E+03	4.71E+02
2131	1.65E+03	1.77E+03	1.24E+03	3.73E+03	4.72E+02
2132	1.67E+03	1.79E+03	1.25E+03	3.72E+03	4.73E+02
2133	1.68E+03	1.80E+03	1.26E+03	3.72E+03	4.74E+02
2134	1.69E+03	1.82E+03	1.27E+03	3.72E+03	4.75E+02
2135	1.71E+03	1.83E+03	1.28E+03	3.71E+03	4.76E+02
2136	1.72E+03	1.85E+03	1.29E+03	3.71E+03	4.77E+02
2137	1.73E+03	1.86E+03	1.30E+03	3.70E+03	4.78E+02
2138	1.75E+03	1.88E+03	1.31E+03	3.70E+03	4.79E+02
2139	1.76E+03	1.89E+03	1.32E+03	3.69E+03	4.80E+02
2140	1.78E+03	1.91E+03	1.33E+03	3.69E+03	4.81E+02
2141	1.79E+03	1.93E+03	1.34E+03	3.69E+03	4.82E+02
2142	1.80E+03	1.94E+03	1.35E+03	3.68E+03	4.83E+02
2143	1.82E+03	1.96E+03	1.36E+03	3.68E+03	4.84E+02
2144	1.83E+03	1.97E+03	1.37E+03	3.67E+03	4.85E+02
2145	1.85E+03	1.99E+03	1.38E+03	3.67E+03	4.86E+02
2146	1.86E+03	2.00E+03	1.39E+03	3.66E+03	4.87E+02
2147	1.87E+03	2.02E+03	1.40E+03	3.66E+03	4.87E+02
2148	1.89E+03	2.03E+03	1.41E+03	3.66E+03	4.88E+02
2149	1.90E+03	2.05E+03	1.42E+03	3.65E+03	4.89E+02
2150	1.92E+03	2.06E+03	1.43E+03	3.65E+03	4.90E+02
2151	1.93E+03	2.08E+03	1.44E+03	3.64E+03	4.91E+02
2152	1.94E+03	2.10E+03	1.45E+03	3.64E+03	4.92E+02
2153	1.96E+03	2.11E+03	1.46E+03	3.64E+03	4.93E+02
2154	1.97E+03	2.13E+03	1.47E+03	3.63E+03	4.93E+02
2155	1.99E+03	2.14E+03	1.48E+03	3.63E+03	4.94E+02
2156	2.00E+03	2.16E+03	1.49E+03	3.62E+03	4.95E+02
2157	2.01E+03	2.17E+03	1.50E+03	3.62E+03	4.96E+02
2158	2.03E+03	2.18E+03	1.51E+03	3.62E+03	4.97E+02
2159	2.04E+03	2.20E+03	1.52E+03	3.61E+03	4.97E+02
2160	2.05E+03	2.21E+03	1.53E+03	3.61E+03	4.98E+02
2161	2.07E+03	2.23E+03	1.54E+03	3.61E+03	4.99E+02
2162	2.08E+03	2.24E+03	1.55E+03	3.60E+03	5.00E+02
2163	2.09E+03	2.26E+03	1.56E+03	3.60E+03	5.00E+02
2164	2.10E+03	2.27E+03	1.57E+03	3.60E+03	5.01E+02
2165	2.12E+03	2.28E+03	1.58E+03	3.59E+03	5.02E+02
2166	2.13E+03	2.30E+03	1.58E+03	3.59E+03	5.02E+02
2167	2.14E+03	2.31E+03	1.59E+03	3.59E+03	5.03E+02
2168	2.15E+03	2.32E+03	1.60E+03	3.58E+03	5.04E+02
2169	2.16E+03	2.34E+03	1.61E+03	3.58E+03	5.04E+02
2170	2.17E+03	2.35E+03	1.62E+03	3.58E+03	5.05E+02
2171	2.19E+03	2.36E+03	1.63E+03	3.57E+03	5.06E+02
2172	2.20E+03	2.37E+03	1.64E+03	3.57E+03	5.06E+02
2173	2.21E+03	2.39E+03	1.64E+03	3.57E+03	5.07E+02
2174	2.22E+03	2.40E+03	1.65E+03	3.57E+03	5.07E+02
2175	2.23E+03	2.41E+03	1.66E+03	3.56E+03	5.08E+02
2176	2.24E+03	2.42E+03	1.67E+03	3.56E+03	5.09E+02
2177	2.25E+03	2.44E+03	1.68E+03	3.56E+03	5.09E+02
2178	2.26E+03	2.45E+03	1.68E+03	3.56E+03	5.10E+02
2179	2.27E+03	2.46E+03	1.69E+03	3.55E+03	5.10E+02
2180	2.28E+03	2.47E+03	1.70E+03	3.55E+03	5.11E+02
2181	2.29E+03	2.48E+03	1.71E+03	3.55E+03	5.11E+02
2182	2.30E+03	2.49E+03	1.71E+03	3.55E+03	5.12E+02
2183	2.31E+03	2.50E+03	1.72E+03	3.55E+03	5.12E+02
2184	2.32E+03	2.51E+03	1.73E+03	3.54E+03	5.13E+02
2185	2.33E+03	2.52E+03	1.74E+03	3.54E+03	5.13E+02
2186	2.34E+03	2.54E+03	1.74E+03	3.54E+03	5.14E+02
2187	2.35E+03	2.55E+03	1.75E+03	3.54E+03	5.14E+02
2188	2.36E+03	2.56E+03	1.76E+03	3.54E+03	5.15E+02
2189	2.37E+03	2.57E+03	1.76E+03	3.53E+03	5.15E+02
2190	2.38E+03	2.58E+03	1.77E+03	3.53E+03	5.15E+02
2191	2.39E+03	2.59E+03	1.78E+03	3.53E+03	5.16E+02
2192	2.40E+03	2.59E+03	1.78E+03	3.53E+03	5.16E+02
2193	2.41E+03	2.60E+03	1.79E+03	3.53E+03	5.17E+02
2194	2.41E+03	2.61E+03	1.79E+03	3.52E+03	5.17E+02
2195	2.42E+03	2.62E+03	1.80E+03	3.52E+03	5.17E+02
2196	2.43E+03	2.63E+03	1.81E+03	3.52E+03	5.18E+02
2197	2.44E+03	2.64E+03	1.81E+03	3.52E+03	5.18E+02
2198	2.45E+03	2.65E+03	1.82E+03	3.52E+03	5.18E+02
2199	2.45E+03	2.66E+03	1.82E+03	3.52E+03	5.19E+02
2200	2.46E+03	2.67E+03	1.83E+03	3.51E+03	5.19E+02
2201	2.47E+03	2.67E+03	1.83E+03	3.51E+03	5.19E+02
2202	2.48E+03	2.68E+03	1.84E+03	3.51E+03	5.20E+02
2203	2.48E+03	2.69E+03	1.84E+03	3.51E+03	5.20E+02
2204	2.49E+03	2.70E+03	1.85E+03	3.51E+03	5.20E+02
2205	2.50E+03	2.70E+03	1.85E+03	3.51E+03	5.21E+02
2206	2.50E+03	2.71E+03	1.86E+03	3.51E+03	5.21E+02
2207	2.51E+03	2.72E+03	1.86E+03	3.51E+03	5.21E+02
2208	2.52E+03	2.73E+03	1.87E+03	3.50E+03	5.22E+02
2209	2.52E+03	2.73E+03	1.87E+03	3.50E+03	5.22E+02
2210	2.53E+03	2.74E+03	1.88E+03	3.50E+03	5.22E+02
2211	2.53E+03	2.75E+03	1.88E+03	3.50E+03	5.22E+02
2212	2.54E+03	2.75E+03	1.89E+03	3.50E+03	5.23E+02
2213	2.54E+03	2.76E+03	1.89E+03	3.50E+03	5.23E+02
2214	2.55E+03	2.76E+03	1.89E+03	3.50E+03	5.23E+02
2215	2.56E+03	2.77E+03	1.90E+03	3.50E+03	5.23E+02
2216	2.56E+03	2.78E+03	1.90E+03	3.50E+03	5.23E+02
2217	2.57E+03	2.78E+03	1.91E+03	3.50E+03	5.24E+02
2218	2.57E+03	2.79E+03	1.91E+03	3.49E+03	5.24E+02
2219	2.58E+03	2.79E+03	1.91E+03	3.49E+03	5.24E+02
2220	2.58E+03	2.80E+03	1.92E+03	3.49E+03	5.24E+02
2221	2.58E+03	2.80E+03	1.92E+03	3.49E+03	5.24E+02
2222	2.59E+03	2.81E+03	1.92E+03	3.49E+03	5.24E+02
2223	2.59E+03	2.81E+03	1.92E+03	3.49E+03	5.25E+02
2224	2.60E+03	2.81E+03	1.93E+03	3.49E+03	5.25E+02
2225	2.60E+03	2.82E+03	1.93E+03	3.49E+03	5.25E+02
2226	2.60E+03	2.82E+03	1.93E+03	3.49E+03	5.25E+02
2227	2.61E+03	2.83E+03	1.94E+03	3.49E+03	5.25E+02
2228	2.61E+03	2.83E+03	1.94E+03	3.49E+03	5.25E+02
2229	2.61E+03	2.83E+03	1.94E+03	3.49E+03	5.25E+02
2230	2.62E+03	2.84E+03	1.94E+03	3.49E+03	5.26E+02
2231	2.62E+03	2.84E+03	1.94E+03	3.49E+03	5.26E+02
2232	2.62E+03	2.84E+03	1.95E+03	3.49E+03	5.26E+02
2233	2.62E+03	2.84E+03	1.95E+03	3.48E+03	5.26E+02
2234	2.63E+03	2.85E+03	1.95E+03	3.48E+03	5.26E+02
2235	2.63E+03	2.85E+03	1.95E+03	3.48E+03	5.26E+02
2236	2.63E+03	2.85E+03	1.95E+03	3.48E+03	5.26E+02
2237	2.63E+03	2.85E+03	1.95E+03	3.48E+03	5.26E+02
2238	2.63E+03	2.86E+03	1.96E+03	3.48E+03	5.26E+02
2239	2.64E+03	2.86E+03	1.96E+03	3.48E+03	5.26E+02
2240	2.64E+03	2.86E+03	1.96E+03	3.48E+03	5.26E+02
2241	2.64E+03	2.86E+03	1.96E+03	3.48E+03	5.26E+02
2242	2.64E+03	2.86E+03	1.96E+03	3.48E+03	5.26E+02
2243	2.64E+03	2.86E+03	1.96E+03	3.48E+03	5.27E+02
2244	2.64E+03	2.86E+03	1.96E+03	3.48E+03	5.27E+02
2245	2.64E+03	2.86E+03	1.96E+03	3.48E+03	5.27E+02
2246	2.64E+03	2.86E+03	1.96E+03	3.48E+03	5.27E+02
2247	2.64E+03	2.86E+03	1.96E+03	3.48E+03	5.27E+02
2248	2.64E+03	2.87E+03	1.96E+03	3.48E+03	5.27E+02
2249	2.64E+03	2.87E+03	1.96E+03	3.48E+03	5.27E+02
2250	2.64E+03	2.87E+03	1.96E+03	3.48E+03	5.27E+02
2251	2.64E+03	2.87E+03	1.96E+03	3.48E+03	5.27E+02
2252	2.64E+03	2.87E+03	1.96E+03	3.48E+03	5.27E+02
2253	2.64E+03	2.87E+03	1.96E+03	3.48E+03	5.27E+02
2254	2.64E+03	2.87E+03	1.96E+03	3.48E+03	5.27E+02
2255	2.64E+03	2.87E+03	1.96E+03	3.48E+03	5.27E+02
2256	2.64E+03	2.87E+03	1.96E+03	3.48E+03	5.27E+02
2257	2.64E+03	2.87E+03	1.96E+03	3.48E+03	5.27E+02
2258	2.64E+03	2.87E+03	1.96E+03	3.48E+03	5.27E+02
2259	2.64E+03	2.87E+03	1.96E+03	3.48E+03	5.27E+02
2260	2.64E+03	2.87E+03	1.96E+03	3.48E+03	5.27E+02
2261	2.64E+03	2.87E+03	1.96E+03	3.48E+03	5.27E+02
2262	2.64E+03	2.87E+03	1.96E+03	3.48E+03	5.27E+02
2263	2.64E+03	2.87E+03	1.96E+03	3.48E+03	5.27E+02
2264	2.64E+03	2.87E+03	1.96E+03	3.48E+03	5.27E+02
2265	2.64E+03	2.87E+03	1.96E+03	3.48E+03	5.27E+02
2266	2.64E+03	2.87E+03	1.96E+03	3.48E+03	5.27E+02
2267	2.64E+03	2.87E+03	1.96E+03	3.48E+03	5.27E+02
2268	2.64E+03	2.87E+03	1.96E+03	3.48E+03	5.27E+02
2269	2.64E+03	2.87E+03	1.96E+03	3.48E+03	5.27E+02
2270	2.64E+03	2.87E+03	1.96E+03	3.48E+03	5.27E+02
2271	2.64E+03	2.87E+03	1.96E+03	3.48E+03	5.27E+02
2272	2.64E+03	2.87E+03	1.96E+03	3.48E+03	5.27E+02
2273	2.64E+03	2.87E+03	1.96E+03	3.48E+03	5.27E+02
2274	2.64E+03	2.87E+03	1.96E+03	3.48E+03	5.27E+02
2275	2.64E+03	2.87E+03	1.96E+03	3.48E+03	5.27E+02
2276	2.64E+03	2.87E+03	1.96E+03	3.48E+03	5.27E+02
2277	2.64E+03	2.87E+03	1.96E+03	3.48E+03	5.27E+02
2278	2.64E+03	2.87E+03	1.96E+03	3.48E+03	5.27E+02
2279	2.64E+03	2.87E+03	1.96E+03	3.48E+03	5.27E+02
2280	2.64E+03	2.87E+03	1.96E+03	3.48E+03	5.27E+02
2281	2.64E+03	2.87E+03	1.96E+03	3.48E+03	5.27E+02
2282	2.64E+03	2.87E+03	1.96E+03	3.48E+03	5.27E+02
2283	2.64E+03	2.87E+03	1.96E+03	3.48E+03	5.27E+02
2284	2.64E+03	2.87E+03	1.96E+03	3.48E+03	5.27E+02
2285	2.64E+03	2.87E+03	1.96E+03	3.48E+03	5.27E+02
2286	2.64E+03	2.87E+03	1.96E+03	3.48E+03	5.27E+02
2287	2.64E+03	2.87E+03	1.96E+03	3.48E+03	5.27E+02
2288	2.64E+03	2.87E+03	1.96E+03	3.48E+03	5.27E+02
2289	2.64E+03	2.87E+03	1.96E+03	3.48E+03	5.27E+02
2290	2.64E+03	2.87E+03	1.96E+03	3.48E+03	5.27E+02
2291	2.64E+03	2.87E+03	1.96E+03	3.48E+03	5.27E+02
2292	2.64E+03	2.87E+03	1.96E+03	3.48E+03	5.27E+02
2293	2.64E+03	2.87E+03	1.96E+03	3.48E+03	5.27E+02
2294	2.64E+03	2.87E+03	1.96E+03	3.48E+03	5.27E+02
2295	2.64E+03	2.87E+03	1.96E+03	3.48E+03	5.27E+02
2296	2.64E+03	2.87E+03	1.96E+03	3.48E+03	5.27E+02
2297	2.64E+03	2.87E+03	1.96E+03	3.48E+03	5.27E+02
2298	2.64E+03	2.87E+03	1.96E+03	3.48E+03	5.27E+02
2299	2.64E+03	2.87E+03	1.96E+03	3.48E+03	5.27E+02
2300	2.64E+03	2.87E+03	1.96E+03	3.48E+03	5.27E+02
2301	2.64E+03	2.87E+03	1.96E+03	3.48E+03	5.27E+02
2302	2.64E+03	2.87E+03	1.96E+03	3.48E+03	5.27E+02
2303	2.64E+03	2.87E+03	1.96E+03	3.48E+03	5.27E+02
2304	2.64E+03	2.87E+03	1.96E+03	3.48E+03	5.27E+02
2305	2.64E+03	2.87E+03	1.96E+03	3.48E+03	5.27E+02
2306	2.64E+03	2.87E+03	1.96E+03	3.48E+03	5.27E+02
2307	2.64E+03	2.87E+03	1.96E+03	3.48E+03	5.27E+02
2308	2.64E+03	2.87E+03	1.96E+03	3.48E+03	5.27E+02
2309	2.64E+03	2.87E+03	1.96E+03	3.48E+03	5.27E+02
2310	2.64E+03	2.87E+03	1.96E+03	3.48E+03	5.27E+02
2311	2.64E+03	2.87E+03	1.96E+03	3.48E+03	5.27E+02
2312	2.64E+03	2.87E+03	1.96E+03	3.48E+03	5.27E+02
2313	2.64E+03	2.87E+03	1.96E+03	3.48E+03	5.27E+02
2314	2.64E+03	2.87E+03	1.96E+03	3.48E+03	5.27E+02
2315	2.64E+03	2.87E+03	1.96E+03	3.48E+03	5.27E+02
2316	2.64E+03	2.87E+03	1.96E+03	3.48E+03	5.27E+02
2317	2.64E+03	2.87E+03	1.96E+03	3.48E+03	5.27E+02
2318	2.64E+03	2.87E+03	1.96E+03	3.48E+03	5.27E+02
2319	2.64E+03	2.87E+03	1.96E+03	3.48E+03	5.27E+02
2320	2.64E+03	2.87E+03	1.96E+03	3.48E+03	5.27E+02
2321	2.64E+03	2.87E+03	1.96E+03	3.48E+03	5.27E+02
2322	2.64E+03	2.87E+03	1.96E+03	3.48E+03	5.27E+02
2323	2.64E+03	2.87E+03	1.96E+03	3.48E+03	5.27E+02
2324	2.64E+03	2.87E+03	1.96E+03	3.48E+03	5.27E+02
2325	2.64E+03	2.87E+03	1.96E+03	3.48E+03	5.27E+02
2326	2.64E+03	2.87E+03	1.96E+03	3.48E+03	5.27E+02
2327	2.64E+03	2.87E+03	1.96E+03	3.48E+03	5.27E+02
2328	2.64E+03	2.87E+03	1.96E+03	3.48E+03	5.27E+02
2329	2.64E+03	2.87E+03	1.96E+03	3.48E+03	5.27E+02
2330	2.64E+03	2.87E+03	1.96E+03	3.48E+03	5.27E+02
2331	2.64E+03	2.87E+03	1.96E+03	3.48E+03	5.27E+02
2332	2.64E+03	2.87E+03	1.96E+03	3.48E+03	5.27E+02
2333	2.64E+03	2.87E+03	1.96E+03	3.48E+03	5.27E+02
2334	2.64E+03	2.87E+03	1.96E+03	3.48E+03	5.27E+02
2335	2.64E+03	2.87E+03	1.96E+03	3.48E+03	5.27E+02
2336	2.64E+03	2.87E+03	1.96E+03	3.48E+03	5.27E+02
2337	2.64E+03	2.87E+03	1.96E+03	3.48E+03	5.27E+02
2338	2.64E+03	2.87E+03	1.96E+03	3.48E+03	5.27E+02
2339	2.64E+03	2.87E+03	1.96E+03	3.48E+03	5.27E+02
2340	2.64E+03	2.87E+03	1.96E+03	3.48E+03	5.27E+02
2341	2.64E+03	2.87E+03	1.96E+03	3.48E+03	5.27E+02
2342	2.64E+03	2.87E+03	1.96E+03	3.48E+03	5.27E+02
2343	2.64E+03	2.87E+03	1.96E+03	3.48E+03	5.27E+02
2344	2.64E+03	2.87E+03	1.96E+03	3.48E+03	5.27E+02
2345	2.64E+03	2.87E+03	1.96E+03	3.48E+03	5.27E+02
2346	2.64E+03	2.87E+03	1.96E+03	3.48E+03	5.27E+02
2347	2.64E+03	2.87E+03	1.96E+03	3.48E+03	5.27E+02
2348	2.64E+03	2.87E+03	1.96E+03	3.48E+03	5.27E+02
2349	2.64E+03	2.87E+03	1.96E+03	3.48E+03	5.27E+02
2350	2.64E+03	2.87E+03	1.96E+03	3.48E+03	5.27E+02
2351	2.64E+03	2.87E+03	1.96E+03	3.48E+03	5.27E+02
2352	2.64E+03	2.87E+03	1.96E+03	3.48E+03	5.27E+02
2353	2.64E+03	2.87E+03	1.96E+03	3.48E+03	5.27E+02
2354	2.64E+03	2.87E+03	1.96E+03	3.48E+03	5.27E+02
2355	2.64E+03	2.87E+03	1.96E+03	3.48E+03	5.27E+02
2356	2.64E+03	2.87E+03	1.96E+03	3.48E+03	5.27E+02
2357	2.64E+03	2.87E+03	1.96E+03	3.48E+03	5.27E+02
2358	2.64E+03	2.87E+03	1.96E+03	3.48E+03	5.27E+02
2359	2.64E+03	2.87E+03	1.96E+03	3.48E+03	5.27E+02
2360	2.64E+03	2.87E+03	1.96E+03	3.48E+03	5.27E+02
2361	2.64E+03	2.87E+03	1.96E+03	3.48E+03	5.27E+02
2362	2.64E+03	2.87E+03	1.96E+03	3.48E+03	5.27E+02
2363	2.64E+03	2.87E+03	1.96E+03	3.48E+03	5.27E+02
2364	2.64E+03	2.87E+03	1.96E+03	3.48E+03	5.27E+02
2365	2.64E+03	2.87E+03	1.96E+03	3.48E+03	5.27E+02
2366	2.64E+03	2.87E+03	1.96E+03	3.48E+03	5.27E+02
2367	2.64E+03	2.87E+03	1.96E+03	3.48E+03	5.27E+02
2368	2.64E+03	2.87E+03	1.96E+03	3.48E+03	5.27E+02
2369	2.64E+03	2.87E+03	1.96E+03	3.48E+03	5.27E+02
2370	2.64E+03	2.87E+03	1.96E+03	3.48E+03	5.27E+02
2371	2.64E+03	2.87E+03	1.96E+03	3.48E+03	5.27E+02
2372	2.64E+03	2.87E+03	1.96E+03	3.48E+03	5.27E+02
2373	2.64E+03	2.87E+03	1.96E+03	3.48E+03	5.27E+02
2374	2.64E+03	2.87E+03	1.96E+03	3.48E+03	5.27E+02
2375	2.64E+03	2.87E+03	1.96E+03	3.48E+03	5.27E+02
2376	2.64E+03	2.87E+03	1.96E+03	3.48E+03	5.27E+02
2377	2.64E+03	2.87E+03	1.96E+03	3.48E+03	5.27E+02
2378	2.64E+03	2.87E+03	1.96E+03	3.48E+03	5.27E+02
2379	2.64E+03	2.87E+03	1.96E+03	3.48E+03	5.27E+02
2380	2.64E+03	2.87E+03	1.96E+03	3.48E+03	5.27E+02
2381	2.64E+03	2.87E+03	1.96E+03	3.48E+03	5.27E+02
2382	2.64E+03	2.87E+03	1.96E+03	3.48E+03	5.27E+02
2383	2.64E+03	2.87E+03	1.96E+03	3.48E+03	5.27E+02
2384	2.64E+03	2.87E+03	1.96E+03	3.48E+03	5.27E+02
2385	2.64E+03	2.87E+03	1.96E+03	3.48E+03	5.27E+02
2386	2.64E+03	2.87E+03	1.96E+03	3.48E+03	5.27E+02
2387	2.64E+03	2.87E+03	1.96E+03	3.48E+03	5.27E+02
2388	2.64E+03	2.87E+03	1.96E+03	3.48E+03	5.27E+02
2389	2.64E+03	2.87E+03	1.96E+03	3.48E+03	5.27E+02
2390	2.64E+03	2.87E+03	1.96E+03	3.48E+03	5.27E+02
2391	2.64E+03	2.87E+03	1.96E+03	3.48E+03	5.27E+02
2392	2.64E+03	2.87E+03	1.96E+03	3.48E+03	5.27E+02
2393	2.64E+03	2.87E+03	1.96E+03	3.48E+03	5.27E+02
2394	2.64E+03	2.87E+03	1.96E+03	3.48E+03	5.27E+02
2395	2.64E+03	2.87E+03	1.96E+03	3.48E+03	5.27E+02
2396	2.64E+03	2.87E+03	1.96E+03	3.48E+03	5.27E+02
2397	2.64E+03	2.87E+03	1.96E+03	3.48E+03	5.27E+02
2398	2.64E+03	2.87E+03	1.96E+03	3.48E+03	5.27E+02
2399	2.64E+03	2.87E+03	1.96E+03	3.48E+03	5.27E+02
2400	2.64E+03	2.87E+03	1.96E+03	3.48E+03	5.27E+02
2401	2.64E+03	2.87E+03	1.96E+03	3.48E+03	5.27E+02
2402	2.64E+03	2.87E+03	1.96E+03	3.48E+03	5.27E+02
2403	2.64E+03	2.87E+03	1.96E+03	3.48E+03	5.27E+02
2404	2.64E+03	2.87E+03	1.96E+03	3.48E+03	5.27E+02
2405	2.64E+03	2.87E+03	1.96E+03	3.48E+03	5.27E+02
2406	2.64E+03	2.87E+03	1.96E+03	3.48E+03	5.27E+02
2407	2.64E+03	2.87E+03	1.96E+03	3.48E+03	5.27E+02
2408	2.64E+03	2.87E+03	1.96E+03	3.48E+03	5.27E+02
2409	2.64E+03	2.87E+03	1.96E+03	3.48E+03	5.27E+02
2410	2.64E+03	2.87E+03	1.96E+03	3.48E+03	5.27E+02
2411	2.64E+03	2.87E+03	1.96E+03	3.48E+03	5.27E+02
2412	2.64E+03	2.87E+03	1.96E+03	3.48E+03	5.27E+02
2413	2.64E+03	2.87E+03	1.96E+03	3.48E+03	5.27E+02
2414	2.64E+03	2.87E+03	1.96E+03	3.48E+03	5.27E+02
2415	2.64E+03	2.87E+03	1.96E+03	3.48E+03	5.27E+02
2416	2.64E+03	2.87E+03	1.96E+03	3.48E+03	5.27E+02
2417	2.64E+03	2.87E+03	1.96E+03	3.48E+03	5.27E+02
2418	2.64E+03	2.87E+03	1.96E+03	3.48E+03	5.27E+02
2419	2.64E+03	2.87E+03	1.96E+03	3.48E+03	5.27E+02
2420	2.64E+03	2.87E+03	1.96E+03	3.48E+03	5.27E+02
2421	2.64E+03	2.87E+03	1.96E+03	3.48E+03	5.27E+02
2422	2.64E+03	2.87E+03	1.96E+03	3.48E+03	5.27E+02
2423	2.64E+03	2.87E+03	1.96E+03	3.48E+03	5.27E+02
2424	2.64E+03	2.87E+03	1.96E+03	3.48E+03	5.27E+02
2425	2.64E+03	2.87E+03	1.96E+03	3.48E+03	5.27E+02
2426	2.64E+03	2.87E+03	1.96E+03	3.48E+03	5.27E+02
2427	2.64E+03	2.87E+03	1.96E+03	3.48E+03	5.27E+02
2428	2.64E+03	2.87E+03	1.96E+03	3.48E+03	5.27E+02
2429	2.64E+03	2.87E+03	1.96E+03	3.48E+03	5.27E+02
2430	2.64E+03	2.87E+03	1.96E+03	3.48E+03	5.27E+02
2431	2.64E+03	2.87E+03	1.96E+03	3.48E+03	5.27E+02
2432	2.64E+03	2.87E+03	1.96E+03	3.48E+03	5.27E+02
2433	2.64E+03	2.87E+03	1.96E+03	3.48E+03	5.27E+02
2434	2.64E+03	2.87E+03	1.96E+03	3.48E+03	5.27E+02
2435	2.64E+03	2.87E+03	1.96E+03	3.48E+03	5.27E+02
2436	2.64E+03	2.87E+03	1.96E+03	3.48E+03	5.27E+02
2437	2.64E+03	2.87E+03	1.96E+03	3.48E+03	5.27E+02
2438	2.64E+03	2.87E+03	1.96E+03	3.48E+03	5.27E+02
2439	2.64E+03	2.87E+03	1.96E+03	3.48E+03	5.27E+02
2440	2.64E+03	2.87E+03	1.96E+03	3.48E+03	5.27E+02
2441	2.64E+03	2.87E+03	1.96E+03	3.48E+03	5.27E+02
2442	2.64E+03	2.87E+03	1.96E+03	3.48E+03	5.27E+02
2443	2.64E+03	2.87E+03	1.96E+03	3.48E+03	5.27E+02
2444	2.64E+03	2.87E+03	1.96E+03	3.48E+03	5.27E+02
2445	2.64E+03	2.87E+03	1.96E+03	3.48E+03	5.27E+02
2446	2.64E+03	2.87E+03	1.96E+03	3.48E+03	5.27E+02
2447	2.64E+03	2.87E+03	1.96E+03	3.48E+03	5.27E+02
2448	2.64E+03	2.87E+03	1.96E+03	3.48E+03	5.27E+02
2449	2.64E+03	2.87E+03	1.96E+03	3.48E+03	5.27E+02
2450	2.64E+03	2.87E+03	1.96E+03	3.48E+03	5.27E+02
2451	2.64E+03	2.87E+03	1.96E+03	3.48E+03	5.27E+02
2452	2.64E+03	2.87E+03	1.96E+03	3.48E+03	5.27E+02
2453	2.64E+03	2.87E+03	1.96E+03	3.48E+03	5.27E+02
2454	2.64E+03	2.87E+03	1.96E+03	3.48E+03	5.27E+02
2455	2.64E+03	2.87E+03	1.96E+03	3.48E+03	5.27E+02
2456	2.64E+03	2.87E+03	1.96E+03	3.48E+03	5.27E+02
2457	2.64E+03	2.87E+03	1.96E+03	3.48E+03	5.27E+02
2458	2.64E+03	2.87E+03	1.96E+03	3.48E+03	5.27E+02
2459	2.64E+03	2.87E+03	1.96E+03	3.48E+03	5.27E+02
2460	2.64E+03	2.87E+03	1.96E+03	3.48E+03	5.27E+02
2461	2.64E+03	2.87E+03	1.96E+03	3.48E+03	5.27E+02
2462	2.64E+03	2.87E+03	1.96E+03	3.48E+03	5.27E+02
2463	2.64E+03	2.87E+03	1.96E+03	3.48E+03	5.27E+02
2464	2.64E+03	2.87E+03	1.96E+03	3.48E+03	5.27E+02
2465	2.64E+03	2.87E+03	1.96E+03	3.48E+03	5.27E+02
2466	2.64E+03	2.87E+03	1.96E+03	3.48E+03	5.27E+02
2467	2.64E+03	2.87E+03	1.96E+03	3.48E+03	5.27E+02
2468	2.64E+03	2.87E+03	1.96E+03	3.48E+03	5.27E+02
2469	2.64E+03	2.87E+03	1.96E+03	3.48E+03	5.27E+02
2470	2.64E+03	2.87E+03	1.96E+03	3.48E+03	5.27E+02
2471	2.64E+03	2.87E+03	1.96E+03	3.48E+03	5.27E+02
2472	2.64E+03	2.87E+03	1.96E+03	3.48E+03	5.27E+02
2473	2.64E+03	2.87E+03	1.96E+03	3.48E+03	5.27E+02
2474	2.64E+03	2.87E+03	1.96E+03	3.48E+03	5.27E+02
2475	2.64E+03	2.87E+03	1.96E+03	3.48E+03	5.27E+02
2476	2.64E+03	2.87E+03	1.96E+03	3.48E+03	5.27E+02
2477	2.64E+03	2.87E+03	1.96E+03	3.48E+03	5.27E+02
2478	2.64E+03	2.87E+03	1.96E+03	3.48E+03	5.27E+02
2479	2.64E+03	2.87E+03	1.96E+03	3.48E+03	5.27E+02
2480	2.64E+03	2.87E+03	1.96E+03	3.48E+03	5.27E+02
2481	2.64E+03	2.87E+03	1.96E+03	3.48E+03	5.27E+02
2482	2.64E+03	2.87E+03	1.96E+03	3.48E+03	5.27E+02
2483	2.64E+03	2.87E+03	1.96E+03	3.48E+03	5.27E+02
2484	2.64E+03	2.87E+03	1.96E+03	3.48E+03	5.27E+02
2485	2.64E+03	2.87E+03	1.96E+03	3.48E+03	5.27E+02
2486	2.64E+03	2.87E+03	1.96E+03	3.48E+03	5.27E+02
2487	2.64E+03	2.87E+03	1.96E+03	3.48E+03	5.27E+02
2488	2.64E+03	2.87E+03	1.96E+03	3.48E+03	5.27E+02
2489	2.64E+03	2.87E+03	1.96E+03	3.48E+03	5.27E+02
2490	2.64E+03	2.87E+03	1.96E+03	3.48E+03	5.27E+02
2491	2.64E+03	2.87E+03	1.96E+03	3.48E+03	5.27E+02
2492	2.64E+03	2.87E+03	1.96E+03	3.48E+03	5.27E+02
2493	2.64E+03	2.87E+03	1.96E+03	3.48E+03	5.27E+02
2494	2.64E+03	2.87E+03	1.96E+03	3.48E+03	5.27E+02
2495	2.64E+03	2.87E+03	1.96E+03	3.48E+03	5.27E+02
2496	2.64E+03	2.87E+03	1.96E+03	3.48E+03	5.27E+02
2497	2.64E+03	2.87E+03	1.96E+03	3.48E+03	5.27E+02
2498	2.64E+03	2.87E+03	1.96E+03	3.48E+03	5.27E+02
2499	2.64E+03	2.87E+03	1.96E+03	3.48E+03	5.27E+02
2500	2.64E+03	2.87E+03	1.96E+03	3.48E+03	5.27E+02
					
					
					
					
					
					
					
					
					
					
					
					
					
					
					
					
					
					
					
					
					
					
					
					
					
					
					
					
					
					
					
					
					
					
					
					
